% calcolo dell'energia di adesione
Eatt = 7.449974; 
Estac = 7.4264804; 
area =  (50*10^-10)^2; 

dE = (Eatt-Estac)*1.60218*10^-19


En = dE/area*1920


% T = 300K

Eatt = 7.4129465; 
Estac = 7.3901639; 
area =  (50*10^-10)^2; 

dE = (Eatt-Estac)*1.60218*10^-19


En = dE/area
